0,1,2,3,4,5,6,7,8,9,10,11,12,13,14,15,16,17,18,19,20,21,22,23,24,25,26,27,28,29,30,31,32,33,34,35,36,37,38,39,40,41,42,43,44,45,46,47,48,49,50,51,52,53,54,55,56,57,58,59,60,61,62,63,64,65,66,67,68,69,70,71,72,73,74,75,76,77,78,79,80,81,82,83,84,85,86,87,88,89,90,91,92,93,94,95,96,97,98,99
0,1700,1846,943,2710,1441,1316,1752,1227,1380,1954,543,745,1289,512,1372,1958,877,1268,957,2105,1760,2016,659,2053,1052,463,2478,845,1616,1137,807,1649,2230,1739,1492,1044,2488,2393,380,1642,1196,2876,1520,1647,577,1204,1729,862,2217,1524,1978,33,1546,1115,2652,1513,2504,1783,1059,949,2003,1473,962,1024,1444,1040,1691,1599,2351,2455,2218,1864,1562,1638,2457,1239,1255,741,1225,1724,1366,2030,1860,216,2527,2318,2508,1831,2143,2316,1362,925,2432,2401,2037,1833,2407,1272,1651
1700,0,1119,1353,1158,553,2852,973,2574,1825,2633,1581,1023,1562,1235,2437,1267,1974,1872,1196,618,854,350,2192,1349,2500,1245,1146,2042,332,768,2333,1804,1450,77,1686,2234,1091,1053,1478,714,1112,1300,2433,1893,1904,783,2418,1873,629,2578,2659,1715,500,1052,1196,1662,1509,989,1108,2337,586,2467,1172,709,2255,894,209,1336,680,1020,778,1125,1650,716,773,504,2639,1108,477,1920,2752,631,2565,1485,923,2740,1293,668,1377,617,1874,1641,734,718,2506,2025,1315,1784,1763
1846,1119,0,976,2131,1545,2534,2043,2142,1076,1770,1414,1546,864,1627,1843,2350,1570,1200,1919,807,1939,1074,2013,2440,2166,1454,2234,1673,793,1576,2108,887,2556,1062,850,1784,2163,2146,1478,415,1963,2230,1745,993,1689,1641,1605,1467,1656,1941,1794,1842,1546,1866,2232,810,2627,131,791,1997,1696,1819,1898,1348,1556,1652,911,416,1221,2082,1864,18,764,1781,1327,961,2222,1675,1149,983,2313,1740,1730,1691,1879,1748,2397,484,2478,1384,1142,1196,1500,1571,1566,1056,2431,1101,838
943,1353,976,0,2509,1434,1608,1919,1263,580,1363,445,995,384,934,1084,2207,655,561,1408,1487,1863,1553,1040,2308,1238,690,2433,744,1103,1264,1144,758,2468,1350,593,906,2400,2338,565,922,1564,2652,1090,788,715,1351,1131,548,1978,1226,1390,930,1501,1455,2529,603,2654,951,258,1066,1870,1116,1395,1012,922,1261,1231,666,1843,2340,2088,994,643,1700,1959,872,1336,1106,1009,855,1442,1910,1282,847,2276,1598,2535,1136,2378,1901,603,291,2029,2046,1324,975,2497,498,747
2710,1158,2131,2509,0,1274,3954,1167,3708,2975,3777,2702,1967,2711,2202,3592,1238,3116,3028,1919,1351,1078,1060,3280,1237,3616,2294,449,3178,1449,1586,3427,2925,1184,1171,2821,3377,352,461,2566,1788,1711,171,3591,3020,3015,1535,3568,3019,531,3734,3804,2732,1166,1727,219,2794,968,2015,2266,3458,708,3624,1899,1695,3411,1701,1310,2436,975,316,500,2131,2774,1128,911,1645,3769,1997,1552,3039,3883,684,3713,2498,252,3849,630,1650,1180,762,3026,2795,668,570,3632,3136,800,2939,2881
1441,553,1545,1434,1274,0,2713,514,2510,1990,2793,1505,696,1742,930,2465,820,1952,1994,705,1170,434,881,2035,917,2392,1047,1055,1995,784,315,2185,2055,1058,629,1911,2206,1053,965,1337,1133,573,1441,2510,2126,1798,280,2564,1866,811,2617,2821,1464,110,532,1213,1897,1221,1417,1244,2245,567,2520,681,456,2351,438,720,1651,1179,1016,779,1556,1902,268,1250,633,2562,726,447,2171,2679,591,2714,1231,1108,2980,1122,1160,971,1042,2025,1690,1126,1057,2722,2287,1066,1923,2022
1316,2852,2534,1608,3954,2713,0,3063,439,1546,1496,1273,2032,1685,1810,861,3272,967,1391,2270,3089,3064,3112,678,3367,371,1666,3766,868,2667,2427,528,1857,3544,2870,1780,760,3765,3677,1388,2529,2510,4113,1074,1781,949,2500,1388,1072,3437,894,1504,1286,2812,2429,3921,1821,3818,2536,1858,543,3256,965,2276,2266,1183,2343,2779,2143,3424,3724,3478,2550,1883,2933,3539,2349,360,2050,2407,1850,341,3288,1423,1501,3747,1952,3810,2743,3457,3449,1483,1345,3574,3569,1746,1897,3717,1478,1892
1752,973,2043,1919,1167,514,3063,0,2910,2486,3282,1929,1045,2243,1256,2911,308,2386,2479,830,1567,128,1230,2392,404,2770,1437,798,2416,1262,672,2543,2564,550,1046,2418,2631,848,735,1736,1629,592,1332,2975,2634,2195,587,3050,2309,889,3066,3309,1780,498,646,1025,2406,763,1914,1745,2636,610,2976,816,909,2824,728,1172,2164,1458,855,708,2053,2412,263,1496,1146,2955,1014,958,2680,3071,596,3200,1564,1099,3485,774,1630,462,1261,2517,2159,1300,1195,3223,2797,657,2414,2532
1227,2574,2142,1263,3708,2510,439,2910,0,1121,1090,1010,1865,1281,1664,427,3148,609,969,2166,2748,2894,2806,586,3246,221,1476,3562,533,2356,2249,466,1425,3421,2583,1358,361,3549,3470,1178,2178,2396,3861,645,1346,717,2329,960,715,3181,488,1102,1195,2601,2304,3696,1399,3672,2155,1520,280,3027,539,2168,2054,745,2183,2478,1740,3104,3501,3250,2157,1460,2750,3220,2072,83,1909,2158,1414,180,3063,1010,1369,3489,1544,3627,2390,3332,3151,1056,980,3278,3285,1323,1459,3551,1061,1462
1380,1825,1076,580,2975,1990,1546,2486,1121,0,812,839,1573,264,1492,775,2779,664,158,1982,1797,2423,1953,1191,2880,1200,1242,2949,768,1528,1840,1229,322,3036,1805,240,791,2906,2854,1041,1234,2143,3106,672,279,926,1926,594,598,2450,866,839,1357,2048,2034,3020,282,3208,1121,748,1049,2381,744,1971,1585,482,1840,1666,660,2196,2839,2591,1088,341,2258,2311,1389,1203,1680,1551,359,1279,2423,741,1347,2731,1018,3067,1428,2947,2301,68,455,2429,2467,744,458,3043,108,350
1954,2633,1770,1363,3777,2793,1496,3282,1090,812,0,1473,2322,1073,2202,685,3569,1079,804,2716,2551,3224,2742,1505,3670,1284,1955,3760,1130,2328,2624,1457,885,3830,2610,961,981,3717,3665,1697,2010,2899,3904,472,780,1390,2711,236,1097,3256,605,28,1925,2855,2792,3828,992,4013,1848,1557,1219,3192,563,2708,2375,511,2611,2467,1379,2961,3649,3402,1779,1022,3060,3073,2200,1153,2416,2358,789,1156,3234,95,1992,3531,457,3878,2188,3741,3085,770,1145,3211,3258,298,735,3851,871,934
543,1581,1414,445,2702,1505,1273,1929,1010,839,1473,0,897,753,739,988,2187,459,735,1260,1840,1901,1841,637,2288,919,505,2555,491,1398,1259,765,1108,2459,1598,952,704,2540,2462,225,1304,1464,2857,1083,1105,325,1343,1240,394,2178,1145,1499,523,1594,1362,2687,975,2690,1377,640,758,2018,1064,1255,1050,968,1210,1507,1108,2157,2492,2241,1432,1027,1752,2271,1078,1068,970,1150,1182,1183,2053,1381,524,2487,1803,2626,1513,2369,2176,825,384,2301,2298,1521,1291,2558,732,1111
745,1023,1546,995,1967,696,2032,1045,1865,1573,2322,897,0,1370,235,1885,1292,1356,1528,416,1533,1034,1364,1356,1392,1728,395,1738,1377,1037,396,1507,1735,1564,1076,1572,1593,1744,1651,694,1212,578,2134,1970,1778,1150,469,2087,1287,1484,2042,2349,769,802,471,1907,1573,1807,1443,917,1592,1260,1959,402,314,1836,318,1070,1467,1700,1711,1474,1562,1600,901,1795,663,1911,130,562,1840,2027,1286,2235,537,1791,2590,1779,1349,1474,1627,1588,1178,1734,1690,2313,1960,1691,1483,1715
1289,1562,864,384,2711,1742,1685,2243,1281,264,1073,753,1370,0,1318,986,2540,737,346,1784,1548,2176,1693,1233,2640,1322,1073,2688,844,1265,1609,1301,375,2793,1542,210,928,2644,2593,922,979,1929,2843,915,409,930,1694,858,643,2187,1096,1100,1271,1796,1820,2757,225,2957,891,499,1158,2120,975,1771,1351,726,1619,1403,460,1942,2577,2330,879,274,2010,2057,1132,1362,1485,1299,473,1451,2162,1004,1218,2468,1244,2809,1178,2705,2041,318,405,2169,2206,980,592,2788,246,367
512,1235,1627,934,2202,930,1810,1256,1664,1492,2202,739,235,1318,0,1718,1484,1189,1427,522,1711,1255,1570,1136,1582,1516,251,1968,1198,1211,626,1288,1691,1757,1284,1526,1413,1976,1882,519,1332,736,2368,1822,1721,955,694,1966,1132,1716,1875,2228,536,1036,640,2140,1534,2016,1536,918,1387,1494,1800,518,533,1702,534,1262,1488,1906,1944,1708,1644,1568,1129,2006,828,1705,245,763,1789,1820,1520,2111,309,2024,2501,2003,1492,1669,1846,1498,1066,1956,1916,2220,1908,1908,1394,1678
1372,2437,1843,1084,3592,2465,861,2911,427,775,685,988,1885,986,1718,0,3174,530,643,2239,2520,2876,2627,839,3274,603,1492,3496,531,2181,2239,777,1051,3445,2434,1012,331,3471,3402,1200,1946,2450,3736,221,961,796,2324,535,602,3061,158,700,1340,2545,2349,3605,1055,3668,1876,1335,538,2941,122,2235,2015,333,2197,2312,1429,2901,3414,3162,1856,1112,2721,3017,1950,502,1955,2069,1021,543,2980,598,1458,3360,1131,3584,2153,3354,2976,707,797,3105,3127,899,1052,3528,743,1092
1958,1267,2350,2207,1238,820,3272,308,3148,2779,3569,2187,1292,2540,1484,3174,0,2646,2765,1005,1846,414,1501,2610,102,2996,1686,808,2668,1565,946,2761,2866,274,1339,2718,2884,890,777,1985,1935,763,1390,3248,2933,2436,859,3335,2573,1083,3330,3596,1988,805,847,1056,2707,565,2220,2042,2871,829,3243,997,1195,3103,977,1470,2471,1699,925,857,2359,2715,569,1722,1452,3188,1239,1263,2981,3303,803,3486,1784,1231,3783,708,1930,186,1486,2808,2437,1505,1391,3518,3098,542,2703,2834
877,1974,1570,655,3116,1952,967,2386,609,664,1079,459,1356,737,1189,530,2646,0,510,1710,2141,2355,2198,528,2746,597,962,2994,108,1748,1715,571,984,2917,1980,869,261,2974,2901,670,1574,1920,3267,647,938,314,1800,859,107,2588,688,1102,848,2037,1819,3115,907,3146,1570,911,427,2448,614,1706,1498,571,1669,1871,1188,2495,2922,2670,1586,968,2203,2611,1474,682,1425,1573,1016,789,2485,984,938,2892,1462,3073,1787,2827,2544,616,379,2671,2681,1187,1100,3010,570,1008
1268,1872,1200,561,3028,1994,1391,2479,969,158,804,735,1528,346,1427,643,2765,510,0,1930,1891,2423,2025,1038,2867,1043,1177,2979,613,1588,1821,1072,480,3027,1858,389,634,2941,2884,950,1321,2104,3163,573,428,785,1908,571,452,2500,751,831,1244,2058,1996,3062,431,3214,1234,770,891,2413,630,1921,1571,387,1810,1725,787,2282,2878,2628,1214,492,2260,2398,1414,1052,1629,1563,506,1131,2454,722,1255,2787,1076,3088,1522,2938,2374,107,363,2503,2535,795,594,3055,101,508
957,1196,1919,1408,1919,705,2270,830,2166,1982,2716,1260,416,1784,522,2239,1005,1710,1930,0,1780,868,1544,1613,1098,2003,762,1609,1716,1310,429,1763,2150,1275,1265,1987,1930,1640,1534,1040,1555,244,2089,2343,2192,1466,428,2480,1653,1502,2396,2742,987,808,193,1815,1989,1560,1808,1331,1887,1236,2322,25,581,2220,305,1305,1874,1863,1627,1421,1934,2015,792,1943,981,2201,303,823,2255,2314,1249,2626,798,1786,2998,1603,1661,1189,1742,1995,1574,1830,1760,2720,2375,1482,1890,2131
2105,618,807,1487,1351,1170,3089,1567,2748,1797,2551,1840,1533,1548,1711,2520,1846,2141,1891,1780,0,1443,355,2477,1919,2721,1646,1526,2230,500,1357,2601,1668,1995,542,1599,2389,1439,1447,1806,575,1721,1436,2462,1772,2160,1385,2368,2035,931,2640,2576,2113,1115,1653,1478,1564,1988,709,1233,2550,1060,2520,1756,1234,2272,1476,476,1172,415,1354,1172,804,1529,1320,524,884,2822,1641,978,1773,2927,1100,2502,1903,1102,2554,1711,370,1931,591,1859,1768,700,782,2364,1856,1783,1792,1621
1760,854,1939,1863,1078,434,3064,128,2894,2423,3224,1901,1034,2176,1255,2876,414,2355,2423,868,1443,0,1104,2389,501,2761,1419,741,2391,1152,646,2540,2488,628,927,2344,2605,777,668,1717,1524,642,1247,2931,2560,2178,566,2994,2274,769,3030,3252,1787,398,678,953,2331,794,1809,1678,2622,487,2936,852,863,2776,722,1056,2075,1330,773,603,1948,2334,167,1369,1062,2941,1019,880,2604,3057,476,3144,1564,993,3414,749,1516,544,1134,2457,2112,1176,1073,3155,2719,659,2354,2454
2016,350,1074,1553,1060,881,3112,1230,2806,1953,2742,1841,1364,1693,1570,2627,1501,2198,2025,1544,355,1104,0,2468,1571,2752,1556,1185,2276,451,1116,2603,1875,1642,289,1782,2455,1104,1102,1765,735,1450,1170,2597,1974,2166,1127,2542,2094,592,2759,2768,2029,809,1396,1161,1751,1635,956,1296,2584,706,2642,1520,1051,2411,1243,335,1382,337,1020,824,1075,1727,993,441,784,2876,1455,807,1987,2985,746,2683,1804,808,2793,1364,591,1580,351,2010,1843,479,517,2581,2081,1430,1930,1830
659,2192,2013,1040,3280,2035,678,2392,586,1191,1505,637,1356,1233,1136,839,2610,528,1038,1613,2477,2389,2468,0,2707,395,989,3088,430,2029,1750,152,1510,2883,2215,1387,525,3087,2999,717,1938,1850,3440,1036,1465,326,1824,1313,599,2766,971,1524,628,2134,1765,3244,1422,3150,1991,1267,322,2580,958,1617,1589,1032,1668,2134,1662,2789,3047,2801,2030,1483,2256,2902,1693,602,1379,1738,1544,711,2612,1413,829,3077,1929,3134,2148,2795,2797,1144,836,2921,2910,1667,1627,3044,1094,1531
2053,1349,2440,2308,1237,917,3367,404,3246,2880,3670,2288,1392,2640,1582,3274,102,2746,2867,1098,1919,501,1571,2707,0,3093,1786,797,2768,1652,1048,2857,2965,178,1420,2817,2984,886,777,2085,2025,858,1383,3349,3033,2535,961,3437,2674,1126,3431,3697,2083,896,944,1045,2806,490,2310,2143,2969,885,3345,1092,1297,3204,1078,1554,2567,1754,930,890,2449,2814,661,1772,1549,3286,1338,1360,3081,3401,855,3587,1881,1251,3883,674,2014,96,1536,2909,2538,1548,1431,3619,3198,498,2805,2934
1052,2500,2166,1238,3616,2392,371,2770,221,1200,1284,919,1728,1322,1516,603,2996,597,1043,2003,2721,2761,2752,395,3093,0,1347,3447,497,2304,2118,257,1517,3269,2515,1428,410,3440,3356,1056,2160,2238,3773,823,1449,601,2195,1133,701,3094,691,1298,1020,2488,2150,3592,1469,3531,2166,1489,172,2925,722,2007,1940,890,2044,2419,1778,3060,3396,3147,2182,1531,2623,3176,1996,213,1760,2065,1521,317,2958,1200,1212,3404,1734,3502,2373,3181,3091,1140,974,3217,3216,1499,1579,3418,1124,1549
463,1245,1454,690,2294,1047,1666,1437,1476,1242,1955,505,395,1073,251,1492,1686,962,1177,762,1646,1419,1556,989,1786,1347,0,2102,983,1154,774,1139,1447,1959,1281,1282,1199,2099,2012,300,1204,960,2457,1585,1474,760,854,1720,897,1787,1649,1981,474,1146,857,2255,1292,2199,1375,703,1205,1592,1569,755,601,1459,712,1229,1274,1890,2058,1813,1471,1329,1277,1996,777,1523,466,773,1543,1640,1623,1865,258,2098,2251,2156,1384,1869,1861,1248,817,1979,1953,1970,1661,2077,1144,1436
2478,1146,2234,2433,449,1055,3766,798,3562,2949,3760,2555,1738,2688,1968,3496,808,2994,2979,1609,1526,741,1185,3088,797,3447,2102,0,3043,1474,1343,3239,2948,736,1187,2826,3251,109,96,2392,1849,1381,587,3522,3035,2852,1276,3539,2904,596,3646,3787,2504,962,1418,249,2803,539,2109,2210,3299,569,3542,1592,1509,3353,1440,1340,2481,1223,190,372,2238,2793,841,1195,1566,3616,1742,1429,3065,3732,527,3689,2275,538,3885,204,1755,734,988,2993,2706,942,821,3647,3171,355,2898,2907
845,2042,1673,744,3178,1995,868,2416,533,768,1130,491,1377,844,1198,531,2668,108,613,1716,2230,2391,2276,430,2768,497,983,3043,0,1826,1747,464,1089,2941,2051,976,216,3027,2950,685,1665,1932,3330,679,1039,269,1830,918,206,2651,686,1151,814,2083,1834,3170,1014,3178,1670,998,326,2502,629,1714,1540,630,1694,1947,1294,2578,2976,2725,1689,1075,2242,2694,1540,600,1438,1630,1117,711,2538,1035,930,2957,1529,3116,1879,2851,2620,718,479,2747,2753,1259,1198,3048,676,1113
1616,332,793,1103,1449,784,2667,1262,2356,1528,2328,1398,1037,1265,1211,2181,1565,1748,1588,1310,500,1152,451,2029,1652,2304,1154,1474,1826,0,901,2161,1484,1764,289,1374,2005,1414,1382,1336,384,1284,1578,2158,1576,1722,945,2120,1644,931,2315,2355,1625,767,1203,1509,1347,1838,663,847,2136,917,2200,1286,746,1974,1010,140,1008,760,1340,1104,801,1331,999,874,385,2426,1148,491,1599,2535,962,2265,1409,1204,2417,1623,377,1687,798,1581,1393,926,948,2189,1702,1645,1496,1441
1137,768,1576,1264,1586,315,2427,672,2249,1840,2624,1259,396,1609,626,2239,946,1715,1821,429,1357,646,1116,1750,1048,2118,774,1343,1747,901,0,1901,1950,1212,837,1796,1962,1351,1256,1072,1185,390,1754,2305,2010,1533,87,2390,1638,1123,2395,2651,1162,424,303,1516,1789,1431,1456,1117,1978,880,2304,404,260,2158,131,883,1601,1437,1320,1088,1589,1803,507,1519,616,2297,412,432,2063,2413,903,2540,932,1423,2851,1385,1265,1122,1325,1866,1492,1419,1358,2582,2182,1304,1761,1923
807,2333,2108,1144,3427,2185,528,2543,466,1229,1457,765,1507,1301,1288,777,2761,571,1072,1763,2601,2540,2603,152,2857,257,1139,3239,464,2161,1901,0,1551,3034,2354,1439,494,3237,3150,862,2054,2000,3587,986,1497,442,1976,1280,658,2911,893,1474,776,2284,1916,3393,1477,3301,2093,1381,239,2729,898,1767,1738,1010,1820,2269,1743,2921,3196,2950,2124,1538,2407,3035,1832,469,1530,1883,1574,572,2761,1367,981,3222,1894,3285,2266,2946,2935,1177,916,3059,3051,1641,1648,3195,1139,1576
1649,1804,887,758,2925,2055,1857,2564,1425,322,885,1108,1735,375,1691,1051,2866,984,480,2150,1668,2488,1875,1510,2965,1517,1447,2948,1089,1484,1950,1551,0,3112,1772,165,1108,2894,2854,1290,1141,2285,3044,906,107,1236,2034,723,914,2414,1116,910,1630,2098,2176,2993,163,3255,963,835,1369,2382,996,2136,1691,727,1971,1623,498,2080,2822,2581,896,156,2321,2191,1428,1508,1852,1608,117,1577,2425,843,1589,2676,938,3083,1309,3025,2213,378,733,2337,2391,707,233,3078,417,50
2230,1450,2556,2468,1184,1058,3544,550,3421,3036,3830,2459,1564,2793,1757,3445,274,2917,3027,1275,1995,628,1642,2883,178,3269,1959,736,2941,1764,1212,3034,3112,0,1517,2966,3157,836,737,2257,2143,1034,1318,3516,3182,2709,1125,3597,2844,1152,3601,3857,2260,1025,1120,979,2954,332,2426,2295,3144,941,3513,1269,1456,3369,1249,1658,2703,1797,894,902,2564,2959,794,1804,1688,3461,1513,1504,3228,3576,905,3748,2058,1234,4035,579,2117,91,1571,3067,2703,1568,1448,3773,3344,397,2963,3079
1739,77,1062,1350,1171,629,2870,1046,2583,1805,2610,1598,1076,1542,1284,2434,1339,1980,1858,1265,542,927,289,2215,1420,2515,1281,1187,2051,289,837,2354,1772,1517,0,1659,2239,1126,1095,1504,664,1185,1306,2424,1863,1922,854,2399,1878,647,2573,2637,1754,576,1124,1223,1633,1566,934,1101,2350,635,2460,1240,763,2243,962,154,1296,624,1052,816,1068,1618,790,723,523,2650,1167,522,1887,2762,680,2545,1525,930,2705,1340,602,1445,584,1856,1640,706,702,2476,1990,1370,1769,1729
1492,1686,850,593,2821,1911,1780,2418,1358,240,961,952,1572,210,1526,1012,2718,869,389,1987,1599,2344,1782,1387,2817,1428,1282,2826,976,1374,1796,1439,165,2966,1659,0,1022,2776,2731,1129,1050,2126,2945,897,216,1100,1880,769,789,2304,1098,987,1473,1958,2017,2880,43,3117,907,679,1272,2258,976,1973,1536,709,1813,1513,437,2005,2705,2462,862,103,2178,2119,1289,1440,1689,1465,269,1518,2301,905,1427,2574,1071,2955,1233,2879,2125,307,585,2251,2298,822,389,2944,305,160
1044,2234,1784,906,3377,2206,760,2631,361,791,981,704,1593,928,1413,331,2884,261,634,1930,2389,2605,2455,525,2984,410,1199,3251,216,2005,1962,494,1108,3157,2239,1022,0,3233,3158,901,1818,2148,3527,512,1040,471,2045,791,362,2848,481,1000,1012,2292,2050,3374,1062,3392,1795,1163,272,2706,442,1928,1751,517,1909,2129,1387,2748,3181,2929,1800,1124,2455,2865,1734,440,1654,1833,1113,539,2743,888,1141,3153,1406,3327,2030,3067,2801,731,621,2929,2940,1149,1176,3261,719,1140
2488,1091,2163,2400,352,1053,3765,848,3549,2906,3717,2540,1744,2644,1976,3471,890,2974,2941,1640,1439,777,1104,3087,886,3440,2099,109,3027,1414,1351,3237,2894,836,1126,2776,3233,0,115,2384,1784,1419,501,3490,2983,2843,1288,3498,2882,512,3619,3744,2512,954,1449,177,2752,648,2039,2172,3290,531,3513,1623,1501,3318,1455,1278,2422,1124,87,315,2166,2740,859,1092,1530,3605,1756,1403,3011,3721,492,3647,2281,430,3830,311,1681,829,890,2952,2678,839,718,3596,3115,462,2858,2853
2393,1053,2146,2338,461,965,3677,735,3470,2854,3665,2462,1651,2593,1882,3402,777,2901,2884,1534,1447,668,1102,2999,777,3356,2012,96,2950,1382,1256,3150,2854,737,1095,2731,3158,115,0,2301,1758,1309,615,3428,2941,2761,1191,3444,2810,518,3551,3692,2418,870,1342,291,2709,581,2020,2115,3208,474,3448,1517,1418,3258,1356,1248,2388,1157,157,282,2150,2699,758,1136,1471,3525,1658,1334,2971,3641,432,3594,2188,504,3791,266,1668,724,921,2898,2612,885,763,3553,3077,382,2803,2814
380,1478,1478,565,2566,1337,1388,1736,1178,1041,1697,225,694,922,519,1200,1985,670,950,1040,1806,1717,1765,717,2085,1056,300,2392,685,1336,1072,862,1290,2257,1504,1129,901,2384,2301,0,1305,1251,2726,1305,1298,462,1152,1464,615,2050,1357,1723,369,1432,1151,2537,1147,2498,1423,688,909,1870,1282,1036,884,1192,1011,1431,1220,2091,2340,2093,1496,1194,1573,2202,983,1227,755,1022,1373,1344,1903,1605,307,2361,2022,2451,1505,2167,2087,1034,590,2209,2195,1740,1486,2375,936,1288
1642,714,415,922,1788,1133,2529,1629,2178,1234,2010,1304,1212,979,1332,1946,1935,1574,1321,1555,575,1524,735,1938,2025,2160,1204,1849,1665,384,1185,2054,1141,2143,664,1050,1818,1784,1758,1305,0,1575,1904,1893,1239,1615,1245,1815,1467,1287,2068,2036,1644,1132,1482,1868,1019,2221,285,674,1988,1298,1948,1532,975,1704,1272,511,649,963,1707,1478,425,993,1367,1078,576,2253,1337,754,1253,2356,1343,1954,1458,1537,2062,2003,214,2064,1076,1294,1198,1201,1251,1847,1348,2028,1223,1095
1196,1112,1963,1564,1711,573,2510,592,2396,2143,2899,1464,578,1929,736,2450,763,1920,2104,244,1721,642,1450,1850,858,2238,960,1381,1932,1284,390,2000,2285,1034,1185,2126,2148,1419,1309,1251,1575,0,1880,2543,2336,1690,340,2664,1857,1327,2607,2926,1226,662,110,1595,2123,1316,1844,1453,2117,1050,2528,235,624,2412,321,1253,1968,1751,1411,1219,1977,2144,590,1821,1004,2433,496,821,2395,2547,1057,2812,1028,1596,3161,1365,1652,948,1607,2161,1755,1683,1602,2886,2515,1240,2056,2262
2876,1300,2230,2652,171,1441,4113,1332,3861,3106,3904,2857,2134,2843,2368,3736,1390,3267,3163,2089,1436,1247,1170,3440,1383,3773,2457,587,3330,1578,1754,3587,3044,1318,1306,2945,3527,501,615,2726,1904,1880,0,3729,3141,3172,1704,3698,3168,680,3877,3930,2897,1333,1897,340,2916,1076,2118,2406,3614,875,3765,2069,1859,3548,1870,1441,2551,1041,479,670,2229,2894,1298,962,1794,3923,2165,1708,3156,4038,852,3842,2663,377,3962,747,1754,1321,848,3159,2940,739,660,3750,3250,925,3073,2999
1520,2433,1745,1090,3591,2510,1074,2975,645,672,472,1083,1970,915,1822,221,3248,647,573,2343,2462,2931,2597,1036,3349,823,1585,3522,679,2158,2305,986,906,3516,2424,897,512,3490,3428,1305,1893,2543,3729,0,807,945,2391,315,690,3061,214,490,1490,2584,2439,3617,939,3725,1792,1326,748,2960,110,2337,2069,191,2274,2293,1330,2855,3430,3178,1757,991,2772,2970,1961,717,2050,2096,858,746,3000,382,1583,3353,913,3621,2092,3426,2947,607,821,3075,3105,679,872,3576,671,951
1647,1893,993,788,3020,2126,1781,2634,1346,279,780,1105,1778,409,1721,961,2933,938,428,2192,1772,2560,1974,1465,3033,1449,1474,3035,1039,1576,2010,1497,107,3182,1863,216,1040,2983,2941,1298,1239,2336,3141,807,0,1205,2094,616,876,2507,1019,805,1626,2173,2227,3085,233,3332,1068,894,1306,2468,901,2179,1751,633,2025,1715,600,2183,2912,2670,1002,247,2393,2294,1504,1429,1892,1680,80,1493,2511,737,1601,2772,856,3167,1411,3095,2313,322,723,2438,2489,614,189,3158,385,156
577,1904,1689,715,3015,1798,949,2195,717,926,1390,325,1150,930,955,796,2436,314,785,1466,2160,2178,2166,326,2535,601,760,2852,269,1722,1533,442,1236,2709,1922,1100,471,2843,2761,462,1615,1690,3172,945,1205,0,1613,1172,335,2494,950,1412,546,1891,1594,2993,1132,2957,1665,943,448,2325,897,1466,1343,883,1468,1832,1346,2481,2797,2548,1706,1191,2035,2595,1401,766,1198,1465,1284,882,2359,1295,672,2804,1775,2913,1826,2620,2501,890,527,2626,2621,1500,1378,2836,822,1251
1204,783,1641,1351,1535,280,2500,587,2329,1926,2711,1343,469,1694,694,2324,859,1800,1908,428,1385,566,1127,1824,961,2195,854,1276,1830,945,87,1976,2034,1125,854,1880,2045,1288,1191,1152,1245,340,1704,2391,2094,1613,0,2477,1723,1088,2480,2738,1229,387,270,1456,1873,1348,1519,1201,2057,834,2390,404,344,2244,167,915,1679,1440,1262,1036,1654,1887,435,1517,682,2376,468,493,2147,2492,853,2627,1002,1382,2937,1310,1314,1035,1315,1953,1579,1403,1336,2668,2266,1224,1848,2006
1729,2418,1605,1131,3568,2564,1388,3050,960,594,236,1240,2087,858,1966,535,3335,859,571,2480,2368,2994,2542,1313,3437,1133,1720,3539,918,2120,2390,1280,723,3597,2399,769,791,3498,3444,1464,1815,2664,3698,315,616,1172,2477,0,868,3044,506,263,1701,2627,2556,3613,805,3784,1672,1332,1046,2972,423,2472,2142,289,2376,2259,1201,2773,3432,3184,1615,844,2830,2887,1976,1032,2180,2131,644,1057,3013,151,1760,3324,616,3653,2001,3508,2888,546,909,3015,3057,366,623,3623,644,772
862,1873,1467,548,3019,1866,1072,2309,715,598,1097,394,1287,643,1132,602,2573,107,452,1653,2035,2274,2094,599,2674,701,897,2904,206,1644,1638,658,914,2844,1878,789,362,2882,2810,615,1467,1857,3168,690,876,335,1723,868,0,2489,758,1121,835,1948,1754,3021,824,3066,1465,805,531,2354,672,1648,1414,586,1597,1767,1089,2389,2828,2576,1483,885,2120,2506,1375,788,1363,1480,955,895,2392,1003,899,2793,1458,2986,1680,2754,2440,557,274,2568,2578,1179,1046,2928,497,933
2217,629,1656,1978,531,811,3437,889,3181,2450,3256,2178,1484,2187,1716,3061,1083,2588,2500,1502,931,769,592,2766,1126,3094,1787,596,2651,931,1123,2911,2414,1152,647,2304,2848,512,518,2050,1287,1327,680,3061,2507,2494,1088,3044,2489,0,3204,3283,2237,702,1317,581,2278,1079,1534,1736,2935,285,3093,1480,1194,2883,1248,792,1932,653,429,257,1659,2261,745,652,1115,3244,1530,1030,2529,3358,294,3190,2002,312,3345,783,1173,1109,421,2501,2264,422,309,3120,2630,873,2411,2371
1524,2578,1941,1226,3734,2617,894,3066,488,866,605,1145,2042,1096,1875,158,3330,688,751,2396,2640,3030,2759,971,3431,691,1649,3646,686,2315,2395,893,1116,3601,2573,1098,481,3619,3551,1357,2068,2607,3877,214,1019,950,2480,506,758,3204,0,616,1492,2697,2506,3751,1140,3823,1983,1472,657,3089,123,2392,2169,391,2353,2448,1526,3027,3561,3309,1954,1194,2875,3143,2094,548,2112,2217,1071,556,3128,530,1615,3500,1061,3735,2271,3511,3109,799,942,3237,3262,855,1085,3682,851,1160
1978,2659,1794,1390,3804,2821,1504,3309,1102,839,28,1499,2349,1100,2228,700,3596,1102,831,2742,2576,3252,2768,1524,3697,1298,1981,3787,1151,2355,2651,1474,910,3857,2637,987,1000,3744,3692,1723,2036,2926,3930,490,805,1412,2738,263,1121,3283,616,0,1948,2882,2819,3855,1018,4040,1872,1584,1236,3219,579,2734,2402,535,2638,2494,1404,2986,3676,3429,1803,1048,3088,3098,2227,1163,2443,2385,812,1164,3261,119,2017,3557,449,3905,2214,3768,3111,798,1171,3236,3284,308,757,3878,898,958
33,1715,1842,930,2732,1464,1286,1780,1195,1357,1925,523,769,1271,536,1340,1988,848,1244,987,2113,1787,2029,628,2083,1020,474,2504,814,1625,1162,776,1630,2260,1754,1473,1012,2512,2418,369,1644,1226,2897,1490,1626,546,1229,1701,835,2237,1492,1948,0,1569,1144,2675,1495,2533,1781,1053,916,2025,1442,992,1044,1415,1067,1703,1589,2364,2479,2241,1859,1545,1664,2470,1250,1223,768,1240,1703,1334,2052,1831,235,2547,2291,2535,1835,2173,2332,1339,904,2448,2418,2010,1812,2435,1250,1632
1546,500,1546,1501,1166,110,2812,498,2601,2048,2855,1594,802,1796,1036,2545,805,2037,2058,808,1115,398,809,2134,896,2488,1146,962,2083,767,424,2284,2098,1025,576,1958,2292,954,870,1432,1132,662,1333,2584,2173,1891,387,2627,1948,702,2697,2882,1569,0,631,1111,1942,1161,1416,1300,2339,459,2597,785,549,2421,547,686,1679,1094,914,673,1556,1944,236,1160,670,2655,835,498,2214,2771,484,2778,1335,999,3028,1039,1138,942,946,2085,1764,1026,953,2774,2329,997,1985,2063
1115,1052,1866,1455,1727,532,2429,646,2304,2034,2792,1362,471,1820,640,2349,847,1819,1996,193,1653,678,1396,1765,944,2150,857,1418,1834,1203,303,1916,2176,1120,1124,2017,2050,1449,1342,1151,1482,110,1897,2439,2227,1594,270,2556,1754,1317,2506,2819,1144,631,0,1623,2014,1390,1748,1344,2026,1047,2425,175,522,2306,216,1181,1862,1706,1435,1230,1880,2035,600,1781,908,2343,397,731,2286,2457,1059,2705,938,1597,3052,1417,1567,1032,1573,2053,1648,1656,1582,2777,2406,1302,1947,2153
2652,1196,2232,2529,219,1213,3921,1025,3696,3020,3828,2687,1907,2757,2140,3605,1056,3115,3062,1815,1478,953,1161,3244,1045,3592,2255,249,3170,1509,1516,3393,2993,979,1223,2880,3374,177,291,2537,1868,1595,340,3617,3085,2993,1456,3613,3021,581,3751,3855,2675,1111,1623,0,2855,750,2111,2294,3439,669,3644,1797,1655,3442,1623,1371,2513,1130,197,446,2234,2840,1030,1080,1658,3754,1923,1542,3108,3869,634,3761,2443,395,3925,413,1749,982,902,3068,2810,829,716,3698,3210,588,2977,2950
1513,1662,810,603,2794,1897,1821,2406,1399,282,992,975,1573,225,1534,1055,2707,907,431,1989,1564,2331,1751,1422,2806,1469,1292,2803,1014,1347,1789,1477,163,2954,1633,43,1062,2752,2709,1147,1019,2123,2916,939,233,1132,1873,805,824,2278,1140,1018,1495,1942,2014,2855,0,3101,869,673,1312,2236,1018,1975,1529,751,1809,1486,398,1971,2681,2438,821,63,2164,2084,1273,1482,1692,1451,275,1560,2279,939,1443,2546,1088,2935,1198,2866,2094,349,614,2219,2267,845,394,2926,345,144
2504,1509,2627,2654,968,1221,3818,763,3672,3208,4013,2690,1807,2957,2016,3668,565,3146,3214,1560,1988,794,1635,3150,490,3531,2199,539,3178,1838,1431,3301,3255,332,1566,3117,3392,648,581,2498,2221,1316,1076,3725,3332,2957,1348,3784,3066,1079,3823,4040,2533,1161,1390,750,3101,0,2498,2461,3398,939,3729,1550,1656,3569,1490,1716,2819,1729,725,824,2633,3100,955,1714,1829,3717,1772,1658,3372,3833,896,3934,2321,1076,4188,340,2164,395,1494,3244,2905,1465,1342,3934,3484,207,3143,3218
1783,989,131,951,2015,1417,2536,1914,2155,1121,1848,1377,1443,891,1536,1876,2220,1570,1234,1808,709,1809,956,1991,2310,2166,1375,2109,1670,663,1456,2093,963,2426,934,907,1795,2039,2020,1423,285,1844,2118,1792,1068,1665,1519,1672,1465,1534,1983,1872,1781,1416,1748,2111,869,2498,0,741,1995,1568,1861,1786,1233,1602,1535,782,472,1123,1959,1738,140,829,1652,1232,841,2234,1571,1027,1066,2329,1612,1802,1619,1763,1849,2270,366,2348,1274,1186,1192,1393,1459,1656,1148,2302,1134,915
1059,1108,791,258,2266,1244,1858,1745,1520,748,1557,640,917,499,918,1335,2042,911,770,1331,1233,1678,1296,1267,2143,1489,703,2210,998,847,1117,1381,835,2295,1101,679,1163,2172,2115,688,674,1453,2406,1326,894,943,1201,1332,805,1736,1472,1584,1053,1300,1344,2294,673,2461,741,0,1318,1643,1360,1315,858,1149,1137,977,572,1585,2108,1858,808,691,1512,1702,645,1593,1040,803,947,1699,1684,1482,918,2029,1741,2322,887,2207,1645,787,547,1773,1793,1479,1066,2295,689,810
949,2337,1997,1066,3458,2245,543,2636,280,1049,1219,758,1592,1158,1387,538,2871,427,891,1887,2550,2622,2584,322,2969,172,1205,3299,326,2136,1978,239,1369,3144,2350,1272,272,3290,3208,909,1988,2117,3614,748,1306,448,2057,1046,531,2935,657,1236,916,2339,2026,3439,1312,3398,1995,1318,0,2771,659,1888,1791,782,1909,2252,1612,2891,3243,2994,2013,1374,2481,3007,1833,320,1632,1907,1380,436,2805,1130,1090,3244,1658,3360,2201,3055,2925,991,804,3051,3052,1409,1446,3280,968,1398
2003,586,1696,1870,708,567,3256,610,3027,2381,3192,2018,1260,2120,1494,2941,829,2448,2413,1236,1060,487,706,2580,885,2925,1592,569,2502,917,880,2729,2382,941,635,2258,2706,531,474,1870,1298,1050,875,2960,2468,2325,834,2972,2354,285,3089,3219,2025,459,1047,669,2236,939,1568,1643,2771,0,2983,1215,992,2789,999,788,1920,870,475,223,1702,2227,463,895,1000,3085,1292,875,2498,3201,45,3121,1791,551,3319,707,1228,883,658,2426,2148,691,587,3079,2606,738,2330,2342
1473,2467,1819,1116,3624,2520,965,2976,539,744,563,1064,1959,975,1800,122,3243,614,630,2322,2520,2936,2642,958,3345,722,1569,3542,629,2200,2304,898,996,3513,2460,976,442,3513,3448,1282,1948,2528,3765,110,901,897,2390,423,672,3093,123,579,1442,2597,2425,3644,1018,3729,1861,1360,659,2983,0,2317,2074,270,2267,2333,1404,2908,3455,3203,1832,1073,2779,3024,1987,609,2034,2114,955,637,3023,478,1550,3388,1012,3635,2151,3423,2992,677,836,3121,3148,785,975,3585,730,1040
962,1172,1898,1395,1899,681,2276,816,2168,1971,2708,1255,402,1771,518,2235,997,1706,1921,25,1756,852,1520,1617,1092,2007,755,1592,1714,1286,404,1767,2136,1269,1240,1973,1928,1623,1517,1036,1532,235,2069,2337,2179,1466,404,2472,1648,1480,2392,2734,992,785,175,1797,1975,1550,1786,1315,1888,1215,2317,0,558,2214,280,1280,1856,1839,1609,1401,1913,2000,772,1919,958,2203,293,799,2241,2317,1228,2618,799,1765,2987,1589,1637,1182,1718,1984,1565,1806,1737,2709,2362,1469,1879,2116
1024,709,1348,1012,1695,456,2266,909,2054,1585,2375,1050,314,1351,533,2015,1195,1498,1571,581,1234,863,1051,1589,1297,1940,601,1509,1540,746,260,1738,1691,1456,763,1536,1751,1501,1418,884,975,624,1859,2069,1751,1343,344,2142,1414,1194,2169,2402,1044,549,522,1655,1529,1656,1233,858,1791,992,2074,558,0,1916,306,765,1347,1386,1459,1213,1362,1544,707,1482,400,2108,408,257,1803,2224,1023,2292,809,1504,2594,1577,1084,1367,1315,1613,1251,1424,1384,2326,1923,1514,1508,1663
1444,2255,1556,922,3411,2351,1183,2824,745,482,511,968,1836,726,1702,333,3103,571,387,2220,2272,2776,2411,1032,3204,890,1459,3353,630,1974,2158,1010,727,3369,2243,709,517,3318,3258,1192,1704,2412,3548,191,633,883,2244,289,586,2883,391,535,1415,2421,2306,3442,751,3569,1602,1149,782,2789,270,2214,1916,0,2134,2110,1141,2666,3256,3005,1568,804,2615,2782,1789,824,1924,1930,691,874,2829,417,1483,3172,901,3456,1903,3279,2761,416,666,2889,2921,635,720,3416,482,771
1040,894,1652,1261,1701,438,2343,728,2183,1840,2611,1210,318,1619,534,2197,977,1669,1810,305,1476,722,1243,1668,1078,2044,712,1440,1694,1010,131,1820,1971,1249,962,1813,1909,1455,1356,1011,1272,321,1870,2274,2025,1468,167,2376,1597,1248,2353,2638,1067,547,216,1623,1809,1490,1535,1137,1909,999,2267,280,306,2134,0,1001,1648,1566,1428,1202,1666,1828,599,1649,697,2228,302,526,2081,2344,1019,2525,843,1545,2856,1469,1366,1159,1455,1862,1470,1549,1487,2584,2201,1376,1757,1946
1691,209,911,1231,1310,720,2779,1172,2478,1666,2467,1507,1070,1403,1262,2312,1470,1871,1725,1305,476,1056,335,2134,1554,2419,1229,1340,1947,140,883,2269,1623,1658,154,1513,2129,1278,1248,1431,511,1253,1441,2293,1715,1832,915,2259,1767,792,2448,2494,1703,686,1181,1371,1486,1716,782,977,2252,788,2333,1280,765,2110,1001,0,1145,662,1203,969,918,1470,912,772,454,2546,1172,509,1738,2657,832,2404,1481,1066,2555,1493,461,1583,674,1719,1522,801,816,2328,1840,1521,1633,1580
1599,1336,416,666,2436,1651,2143,2164,1740,660,1379,1108,1467,460,1488,1429,2471,1188,787,1874,1172,2075,1382,1662,2567,1778,1274,2481,1294,1008,1601,1743,498,2703,1296,437,1387,2422,2388,1220,649,1968,2551,1330,600,1346,1679,1201,1089,1932,1526,1404,1589,1679,1862,2513,398,2819,472,572,1612,1920,1404,1856,1347,1141,1648,1145,0,1583,2347,2111,429,358,1910,1695,1020,1821,1595,1212,607,1909,1964,1331,1479,2186,1414,2626,812,2619,1717,727,828,1841,1896,1201,700,2634,689,451
2351,680,1221,1843,975,1179,3424,1458,3104,2196,2961,2157,1700,1942,1906,2901,1699,2495,2282,1863,415,1330,337,2789,1754,3060,1890,1223,2578,760,1437,2921,2080,1797,624,2005,2748,1124,1157,2091,963,1751,1041,2855,2183,2481,1440,2773,2389,653,3027,2986,2364,1094,1706,1130,1971,1729,1123,1585,2891,870,2908,1839,1386,2666,1566,662,1583,0,1038,909,1218,1939,1247,117,1115,3176,1787,1144,2186,3283,900,2909,2139,737,2969,1421,773,1747,236,2256,2131,307,414,2778,2270,1524,2185,2032
2455,1020,2082,2340,316,1016,3724,855,3501,2839,3649,2492,1711,2577,1944,3414,925,2922,2878,1627,1354,773,1020,3047,930,3396,2058,190,2976,1340,1320,3196,2822,894,1052,2705,3181,87,157,2340,1707,1411,479,3430,2912,2797,1262,3432,2828,429,3561,3676,2479,914,1435,197,2681,725,1959,2108,3243,475,3455,1609,1459,3256,1428,1203,2347,1038,0,253,2085,2668,839,1007,1469,3558,1729,1349,2938,3674,439,3580,2247,352,3756,393,1600,880,803,2886,2620,754,633,3525,3042,532,2793,2780
2218,778,1864,2088,500,779,3478,708,3250,2591,3402,2241,1474,2330,1708,3162,857,2670,2628,1421,1172,603,824,2801,890,3147,1813,372,2725,1104,1088,2950,2581,902,816,2462,2929,315,282,2093,1478,1219,670,3178,2670,2548,1036,3184,2576,257,3309,3429,2241,673,1230,446,2438,824,1738,1858,2994,223,3203,1401,1213,3005,1202,969,2111,909,253,0,1868,2427,632,905,1218,3308,1499,1097,2698,3424,190,3332,2008,391,3517,541,1386,864,677,2638,2368,666,546,3283,2803,618,2544,2540
1864,1125,18,994,2131,1556,2550,2053,2157,1088,1779,1432,1562,879,1644,1856,2359,1586,1214,1934,804,1948,1075,2030,2449,2182,1471,2238,1689,801,1589,2124,896,2564,1068,862,1800,2166,2150,1496,425,1977,2229,1757,1002,1706,1654,1615,1483,1659,1954,1803,1859,1556,1880,2234,821,2633,140,808,2013,1702,1832,1913,1362,1568,1666,918,429,1218,2085,1868,0,775,1791,1323,974,2237,1691,1162,991,2328,1746,1739,1708,1879,1753,2402,486,2487,1383,1155,1213,1498,1571,1572,1063,2437,1114,847
1562,1650,764,643,2774,1902,1883,2412,1460,341,1022,1027,1600,274,1568,1112,2715,968,492,2015,1529,2334,1727,1483,2814,1531,1329,2793,1075,1331,1803,1538,156,2959,1618,103,1124,2740,2699,1194,993,2144,2894,991,247,1191,1887,844,885,2261,1194,1048,1545,1944,2035,2840,63,3100,829,691,1374,2227,1073,2000,1544,804,1828,1470,358,1939,2668,2427,775,0,2168,2051,1274,1543,1720,1456,273,1620,2270,973,1486,2525,1093,2928,1166,2872,2067,408,670,2192,2243,859,385,2923,407,120
1638,716,1781,1700,1128,268,2933,263,2750,2258,3060,1752,901,2010,1129,2721,569,2203,2260,792,1320,167,993,2256,661,2623,1277,841,2242,999,507,2407,2321,794,790,2178,2455,859,758,1573,1367,590,1298,2772,2393,2035,435,2830,2120,745,2875,3088,1664,236,600,1030,2164,955,1652,1512,2481,463,2779,772,707,2615,599,912,1910,1247,839,632,1791,2168,0,1297,896,2800,901,714,2437,2916,468,2981,1437,1006,3248,880,1368,709,1069,2292,1952,1127,1035,2989,2553,808,2190,2287
2457,773,1327,1959,911,1250,3539,1496,3220,2311,3073,2271,1795,2057,2006,3017,1722,2611,2398,1943,524,1369,441,2902,1772,3176,1996,1195,2694,874,1519,3035,2191,1804,723,2119,2865,1092,1136,2202,1078,1821,962,2970,2294,2595,1517,2887,2506,652,3143,3098,2470,1160,1781,1080,2084,1714,1232,1702,3007,895,3024,1919,1482,2782,1649,772,1695,117,1007,905,1323,2051,1297,0,1224,3292,1880,1244,2297,3399,920,3022,2244,686,3075,1396,886,1759,237,2371,2247,255,375,2887,2379,1510,2300,2143
1239,504,961,872,1645,633,2349,1146,2072,1389,2200,1078,663,1132,828,1950,1452,1474,1414,981,884,1062,784,1693,1549,1996,777,1566,1540,385,616,1832,1428,1688,523,1289,1734,1530,1471,983,576,1004,1794,1961,1504,1401,682,1976,1375,1115,2094,2227,1250,670,908,1658,1273,1829,841,645,1833,1000,1987,958,400,1789,697,454,1020,1115,1469,1218,974,1274,896,1224,0,2136,781,194,1544,2249,1041,2126,1030,1419,2359,1678,689,1603,1105,1431,1153,1228,1221,2107,1659,1657,1334,1393
1255,2639,2222,1336,3769,2562,360,2955,83,1203,1153,1068,1911,1362,1705,502,3188,682,1052,2201,2822,2941,2876,602,3286,213,1523,3616,600,2426,2297,469,1508,3461,2650,1440,440,3605,3525,1227,2253,2433,3923,717,1429,766,2376,1032,788,3244,548,1163,1223,2655,2343,3754,1482,3717,2234,1593,320,3085,609,2203,2108,824,2228,2546,1821,3176,3558,3308,2237,1543,2800,3292,2136,0,1950,2218,1496,117,3120,1075,1406,3552,1608,3678,2466,3373,3219,1139,1056,3347,3352,1393,1539,3599,1143,1544
741,1108,1675,1106,1997,726,2050,1014,1909,1680,2416,970,130,1485,245,1955,1239,1425,1629,303,1641,1019,1455,1379,1338,1760,466,1742,1438,1148,412,1530,1852,1513,1167,1689,1654,1756,1658,755,1337,496,2165,2050,1892,1198,468,2180,1363,1530,2112,2443,768,835,397,1923,1692,1772,1571,1040,1632,1292,2034,293,408,1924,302,1172,1595,1787,1729,1499,1691,1720,901,1880,781,1950,0,664,1956,2065,1314,2327,550,1833,2696,1767,1469,1424,1702,1693,1273,1804,1752,2418,2076,1668,1587,1834
1225,477,1149,1009,1552,447,2407,958,2158,1551,2358,1150,562,1299,763,2069,1263,1573,1563,823,978,880,807,1738,1360,2065,773,1429,1630,491,432,1883,1608,1504,522,1465,1833,1403,1334,1022,754,821,1708,2096,1680,1465,493,2131,1480,1030,2217,2385,1240,498,731,1542,1451,1658,1027,803,1907,875,2114,799,257,1930,526,509,1212,1144,1349,1097,1162,1456,714,1244,194,2218,664,0,1724,2333,912,2281,1009,1341,2535,1527,840,1417,1093,1588,1278,1208,1181,2278,1840,1493,1488,1575
1724,1920,983,855,3039,2171,1850,2680,1414,359,789,1182,1840,473,1789,1021,2981,1016,506,2255,1773,2604,1987,1544,3081,1521,1543,3065,1117,1599,2063,1574,117,3228,1887,269,1113,3011,2971,1373,1253,2395,3156,858,80,1284,2147,644,955,2529,1071,812,1703,2214,2286,3108,275,3372,1066,947,1380,2498,955,2241,1803,691,2081,1738,607,2186,2938,2698,991,273,2437,2297,1544,1496,1956,1724,0,1557,2542,754,1675,2789,821,3200,1417,3140,2323,400,801,2447,2502,595,121,3195,464,159
1366,2752,2313,1442,3883,2679,341,3071,180,1279,1156,1183,2027,1451,1820,543,3303,789,1131,2314,2927,3057,2985,711,3401,317,1640,3732,711,2535,2413,572,1577,3576,2762,1518,539,3721,3641,1344,2356,2547,4038,746,1493,882,2492,1057,895,3358,556,1164,1334,2771,2457,3869,1560,3833,2329,1699,436,3201,637,2317,2224,874,2344,2657,1909,3283,3674,3424,2328,1620,2916,3399,2249,117,2065,2333,1557,0,3236,1084,1520,3665,1612,3794,2568,3488,3330,1213,1159,3457,3464,1410,1593,3715,1226,1615
2030,631,1740,1910,684,591,3288,596,3063,2423,3234,2053,1286,2162,1520,2980,803,2485,2454,1249,1100,476,746,2612,855,2958,1623,527,2538,962,903,2761,2425,905,680,2301,2743,492,432,1903,1343,1057,852,3000,2511,2359,853,3013,2392,294,3128,3261,2052,484,1059,634,2279,896,1612,1684,2805,45,3023,1228,1023,2829,1019,832,1964,900,439,190,1746,2270,468,920,1041,3120,1314,912,2542,3236,0,3163,1819,539,3362,662,1271,850,683,2467,2187,708,600,3123,2650,695,2372,2385
1860,2565,1730,1282,3713,2714,1423,3200,1010,741,95,1381,2235,1004,2111,598,3486,984,722,2626,2502,3144,2683,1413,3587,1200,1865,3689,1035,2265,2540,1367,843,3748,2545,905,888,3647,3594,1605,1954,2812,3842,382,737,1295,2627,151,1003,3190,530,119,1831,2778,2705,3761,939,3934,1802,1482,1130,3121,478,2618,2292,417,2525,2404,1331,2909,3580,3332,1739,973,2981,3022,2126,1075,2327,2281,754,1084,3163,0,1899,3468,535,3803,2137,3658,3028,696,1057,3154,3199,336,714,3774,794,892
